date,A,B,C
1990-10-31,1.0,0.0,0.0
1991-04-30,0.0,0.0,0.0
1991-10-31,0.0,0.0,0.0
1992-04-30,0.0,0.0,2.0
1992-10-31,0.0,0.0,0.0
1993-04-30,0.0,0.0,0.0
1993-10-31,0.0,0.0,0.0
1994-04-30,0.0,0.0,8.0
1994-10-31,0.0,3.0,1.0
1995-04-30,0.0,0.0,0.0
1995-10-31,0.0,2.0,1.0
1996-04-30,0.0,0.0,1.0
1996-10-31,0.0,1.0,5.0
1997-04-30,0.0,0.0,0.0
1997-10-31,0.0,2.0,2.0
1998-04-30,0.0,0.0,1.0
1998-10-31,0.0,0.0,2.0
1999-04-30,0.0,0.0,0.0
1999-10-31,0.0,3.0,0.0
2000-04-30,0.0,2.0,0.0
2000-10-31,0.0,0.0,0.0
2001-04-30,0.0,1.0,0.0
2001-10-31,0.0,0.0,22.0
2002-04-30,1.0,4.0,0.0
2002-10-31,0.0,2.0,0.0
2003-04-30,0.0,1.0,0.0
2003-10-31,0.0,0.0,0.0
2004-04-30,0.0,3.0,5.0
2004-10-31,1.0,1.0,2.0
2005-04-30,1.0,2.0,13.0
2005-10-31,0.0,1.0,19.0
2006-04-30,0.0,6.0,7.0
2006-10-31,2.0,0.0,21.0
2007-04-30,0.0,1.0,8.0
2007-10-31,1.0,7.0,3.0
2008-04-30,0.0,7.0,4.0
2008-10-31,2.0,5.0,4.0
2009-04-30,0.0,0.0,3.0
2009-10-31,4.0,13.0,3.0
2010-04-30,14.0,46.0,7.0
2010-10-31,23.0,90.0,10.0
2011-04-30,0.0,6.0,0.0
2011-10-31,8.0,27.0,4.0
2012-04-30,3.0,16.0,0.0
2012-10-31,2.0,5.0,0.0
2013-04-30,0.0,0.0,0.0
2013-10-31,2.0,8.0,1.0
2014-04-30,13.0,58.0,28.0
2014-10-31,38.0,176.0,46.0
2015-04-30,65.0,194.0,89.0
2015-10-31,62.0,232.0,78.0
2016-04-30,47.0,171.0,62.0
2016-10-31,27.0,143.0,56.0
2017-04-30,44.0,171.0,54.0
2017-10-31,116.0,201.0,107.0
2018-04-30,18.0,113.0,36.0
